0
100
100
100
100
100
100
100
100
100
100
100
1002
1003
1004
1004
1004
10051
1006
1007
1008
1008
101
101
101
101
101
101
1011
1017
1017
1017
10176
1018
1019
1019
1019
102
102
102
102
102
1020
1022
1023
1023
1024
1026
1026
1026
1028
1028
1029
103
103
103
103
103
103
103
103
103
103
103
103
103
103
103
1030
1031
1032
10346
1035
1036
1037
1039
1039
1039
104
104
104
104
104
104
104
104
104
104
104
104
104
104
104
104
104
1040
1040
1040
1041
1042
1046
1048
1049
1049
105
105
105
105
105
105
105
105
105
105
105
105
105
105
105
105
1051
1051
1052
1053
1053
1054
1057
1058
1059
106
106
106
106
106
106
106
106
106
106
106
106
1060
1063
1063
1066
1067
107
107
107
107
1070
1071
1074
1076
1078
1078
1079
108
108
108
108
108
108
108
108
108
108
108
1080
1080
1080
1081
1084
1084
1086
1088
1088
109
109
109
109
109
109
109
1090
1091
10936
1094
1094
1094
1094
1095
1095
1096
1098
110
110
110
110
110
110
110
110
110
110
110
1100
11002
1101
1103
1104
1107
1109
111
111
111
111
111
111
1110
1110
1111
11118
1113
1114
1116
1116
1117
1117
112
112
112
112
112
112
112
112
112
112
112
112
112
112
112
112
1123
1125
1126
113
113
113
113
113
113
113
113
113
113
113
113
113
113
113
1130
1131
1133
1134
1134
1134
1136
1138
1139
1139
114
114
114
114
114
1140
1141
1143
1144
1148
1148
1149
115
115
115
115
115
115
115
115
115
1150
1150
1152
1153
1153
1154
1155
1156
1157
1157
1158
1158
1159
1159
1159
116
116
116
116
116
116
116
116
116
116
116
116
116
116
116
116
1162
1162
1166
1167
1168
117
117
117
117
117
117
117
117
117
117
117
1170
1170
1170
1171
1173
1173
1173
1173
1174
1174
1176
1177
1178
1179
118
118
118
118
118
118
118
118
118
118
118
118
118
118
118
118
1183
1183
1184
1186
1188
1189
119
119
119
119
119
1191
1192
1193
1194
1194
1197
1197
1198
1199
1199
1199
120
120
1203
1204
1208
1208
1209
121
121
121
121
121
121
121
1210
1211
1214
1216
122
122
122
122
122
1221
1221
1226
1228
1229
1229
1229
123
123
123
123
123
123
123
123
123
1231
1233
1235
1235
1237
1238
1238
124
124
124
124
124
124
124
124
124
124
124
124
124
124
124
124
124
124
124
124
124
124
124
124
1241
1241
1244
1245
1246
1247
1247
1248
1249
125
125
125
125
125
125
1250
1250
1250
1252
1252
1255
1257
1257
1258
1258
1258
1259
126
126
126
126
126
126
126
1260
1264
1267
1267
127
127
127
127
127
127
127
1270
1272
1274
1275
1276
1277
1279
1279
128
128
128
128
128
128
128
128
128
128
128
128
128
128
1282
1284
1284
1286
1287
1287
1288
1288
1289
129
129
129
129
129
129
129
129
129
129
129
129
129
1290
1292
1292
1295
1295
1295
1297
1298
1299
1299
1299
130
130
130
130
130
130
130
130
130
130
130
130
130
130
1300
1302
1305
1306
1308
131
131
131
131
1313
1315
1315
1315
1319
132
132
132
132
132
132
132
132
1320
1321
1322
1327
1327
1328
1329
133
133
133
133
133
133
133
1330
1331
1333
1334
1334
1336
134
134
134
134
134
134
134
134
134
134
134
134
134
134
134
134
1340
1342
1345
1348
135
135
135
135
135
135
135
135
135
135
135
135
1350
1352
1356
1356
1357
1359
1359
136
136
136
136
136
136
136
136
136
136
136
136
136
136
1363
1363
1364
1365
1366
1368
1369
137
137
137
137
137
137
137
137
137
137
137
1370
1375
1378
138
138
138
138
138
138
138
138
138
138
1381
1381
1381
1383
1383
1385
1389
139
139
139
139
139
139
139
139
139
139
1392
1392
1395
1396
1399
140
140
140
140
140
140
140
140
140
140
140
1400
1400
1402
1403
1405
1408
1409
141
141
141
141
141
141
141
141
141
141
141
141
141
1410
1410
1414
1417
142
142
142
142
142
142
142
142
142
142
142
142
142
142
142
142
142
142
1420
1421
1422
1425
1426
1427
1429
143
143
143
143
143
143
143
143
143
143
143
143
143
143
1430
1431
1432
1432
1433
1435
1436
144
144
144
144
144
144
144
144
144
144
1442
1445
1445
145
145
145
145
145
145
145
145
145
145
145
145
145
145
145
145
145
145
145
1452
1453
1453
1454
1457
1458
1458
146
146
146
146
146
146
146
146
146
146
146
146
146
146
146
146
146
146
146
146
146
146
146
146
146
1462
1462
1462
1463
1464
1465
1466
1466
147
147
147
147
147
147
147
147
147
147
147
147
147
147
147
147
147
147
147
147
147
1472
1472
1473
1473
1473
1474
1476
1478
1478
1478
148
148
148
148
148
148
148
148
148
148
148
148
148
1480
1487
149
149
149
149
149
149
149
149
149
149
149
149
149
149
149
149
149
149
1490
1490
1491
1492
1493
1495
1495
1495
1496
150
150
150
150
150
150
150
150
150
150
150
1500
1502
1504
1507
1508
1509
151
151
151
151
151
151
151
151
151
151
151
151
151
151
1511
1515
1516
1519
152
152
152
152
152
152
152
152
152
152
152
152
152
152
152
152
1528
153
153
153
153
153
153
153
153
153
153
153
153
153
153
153
153
153
153
153
153
153
153
153
1530
1530
1531
1535
154
154
154
154
154
154
154
154
154
154
154
154
154
154
154
154
154
154
154
154
1541
1541
1542
1543
1543
1543
1543
1546
1547
155
155
155
155
155
155
155
155
155
155
155
155
155
155
155
155
155
155
155
155
155
155
1550
1551
1554
1555
1556
156
156
156
156
156
156
156
156
156
156
156
156
156
156
1569
157
157
157
157
157
157
157
157
157
157
157
157
157
157
157
157
157
157
157
157
157
157
1575
1577
1578
158
158
158
158
158
158
158
158
158
158
158
158
158
158
158
158
158
158
158
158
158
158
158
158
158
1581
1582
1582
1583
1585
159
159
159
159
159
159
159
159
159
159
159
159
159
159
159
159
1592
1598
1598
160
160
160
160
160
160
160
160
160
160
160
160
160
160
160
160
160
160
1603
1605
1607
161
161
161
161
161
161
1615
1618
1619
162
162
162
162
162
162
162
162
162
162
162
162
162
162
162
162
162
162
162
162
1621
1621
1622
1629
163
163
163
163
163
163
163
163
163
163
163
1630
1632
1634
1636
1638
1638
164
164
164
164
164
164
164
164
164
164
164
1643
1643
1644
1646
165
165
165
165
165
165
165
165
165
165
165
165
165
165
165
165
165
165
165
165
165
165
165
1651
1652
1654
1655
1657
166
166
166
166
166
166
166
166
166
166
166
166
166
166
166
166
166
166
166
166
166
166
1661
1661
1663
1664
1665
1667
1667
1668
1668
167
167
167
167
167
167
167
167
167
167
167
167
167
167
1670
1671
1675
1675
1678
168
168
168
168
168
168
168
168
168
168
168
168
168
168
168
1680
1682
1686
169
169
169
169
169
169
169
169
169
169
169
169
169
169
1690
1690
1690
1691
1695
1695
1695
1699
1699
170
170
170
170
170
170
170
170
170
170
170
170
1700
1703
171
171
171
171
171
171
171
171
171
171
171
171
171
171
171
171
171
171
1715
1716
1716
172
172
172
172
172
172
172
172
172
172
172
172
172
172
1722
1722
1723
1728
173
173
173
173
173
173
173
173
173
173
173
173
173
173
173
173
1732
1732
1735
1736
174
174
174
174
174
174
174
174
174
174
174
174
1742
1747
1749
175
175
175
175
175
175
175
175
175
175
1750
1751
1753
1754
1755
176
176
176
176
176
176
1760
1764
1765
1769
177
177
177
177
177
177
177
177
177
177
177
1772
1773
1776
178
178
178
178
178
178
178
178
178
178
1782
1783
1784
179
179
179
179
179
179
179
179
179
179
179
179
179
179
179
179
179
1790
1792
1799
180
180
180
180
180
180
180
180
180
180
180
180
180
180
180
1802
1806
181
181
181
181
181
181
181
181
181
181
181
181
1817
182
182
182
182
182
182
182
182
182
182
182
182
1821
1822
1823
1824
1826
1826
1827
1828
183
183
183
183
183
183
183
183
183
183
183
183
183
183
183
183
183
183
1831
1832
1837
184
184
184
184
184
184
184
184
184
184
184
184
184
184
184
184
184
184
1841
1842
1845
1845
185
185
185
185
185
185
185
185
185
185
185
185
185
185
185
185
185
185
185
1855
1857
1857
1859
1859
186
186
186
186
186
186
186
186
186
186
186
186
1863
1864
1864
1865
1866
187
187
187
187
187
187
187
187
187
187
187
187
187
187
1872
1872
1875
1876
1878
1879
188
188
188
188
188
188
188
188
188
1883
1885
1886
1889
189
189
189
189
189
189
189
189
189
189
189
189
189
189
189
189
189
190
190
190
190
190
190
190
190
190
190
190
190
190
190
190
190
190
190
190
190
190
190
190
190
190
190
190
1902
1902
1903
1907
191
191
191
191
191
191
191
191
191
191
191
191
191
1912
1914
1916
192
192
192
192
192
192
192
192
192
192
192
1920
1922
1927
193
193
193
193
193
193
193
193
193
193
193
193
193
193
193
193
194
194
194
194
194
194
194
194
194
194
194
1945
1946
195
195
195
195
195
195
195
195
195
195
195
195
195
1950
1951
1952
1959
196
196
196
196
196
196
196
196
196
1962
1962
1968
197
197
197
197
197
197
197
197
197
197
197
197
197
197
1971
1972
1972
1972
1977
198
198
198
198
198
198
198
198
198
198
198
198
198
198
198
198
198
198
198
198
1981
1984
1984
1985
1987
1988
199
199
199
199
199
199
199
199
199
199
199
199
1990
1990
1992
1992
1993
200
200
200
200
200
200
200
200
200
200
200
200
200
200
200
2004
2009
201
201
201
201
201
201
201
201
2010
2010
2013
2017
202
202
202
202
202
202
202
202
202
202
2021
2022
2023
2028
203
203
203
203
203
203
203
203
203
2030
2032
2033
204
204
204
204
204
204
204
204
204
204
205
205
205
205
205
205
205
205
205
205
205
205
2054
2055
2059
206
206
206
206
206
206
206
206
2062
2067
2069
207
207
207
207
207
2078
208
208
208
208
208
208
208
208
208
208
208
208
208
208
208
208
2082
2082
2084
2086
2087
209
209
209
209
209
209
209
209
209
209
209
209
209
209
209
209
209
2096
2098
210
210
210
210
210
210
210
210
210
210
210
210
210
210
210
210
210
210
210
210
2109
211
211
211
211
211
211
211
211
211
211
211
211
2110
2111
2112
2115
2116
2117
2118
2119
212
212
212
212
212
212
212
212
212
212
212
212
212
212
212
212
212
212
212
212
2121
2124
213
213
213
213
213
213
213
213
213
213
213
213
2133
2136
2137
214
214
214
214
214
214
214
214
214
214
214
214
214
2141
2144
2145
215
215
215
215
215
215
215
215
215
215
215
215
215
2154
216
216
216
216
216
216
216
216
216
2161
2165
217
217
217
217
217
217
2170
2173
2173
2175
2178
2179
2179
218
218
218
218
218
218
218
218
218
218
218
218
218
218
218
218
218
218
2180
2182
2183
2187
219
219
219
219
219
219
219
219
219
219
219
219
219
219
219
219
2190
2194
2196
2197
220
220
220
220
220
220
220
220
220
220
2204
221
221
221
221
221
221
221
221
221
221
221
221
221
221
221
221
2210
2214
2215
222
222
222
222
222
222
222
222
222
2222
223
223
223
223
223
223
223
223
223
223
223
223
223
223
223
2233
2236
2236
2238
224
224
224
224
224
224
224
224
224
225
225
225
225
225
225
225
2250
226
226
226
226
226
226
226
226
2268
2268
227
227
227
227
227
227
227
227
227
227
227
227
227
227
227
227
2271
2276
228
228
228
228
228
228
228
228
2282
2288
2288
229
229
229
229
229
229
229
229
229
229
229
2291
2298
230
230
230
230
230
230
230
230
230
230
230
230
230
230
2300
2300
2302
2305
2306
231
231
231
231
231
231
231
231
2312
232
232
232
232
232
232
232
232
232
232
232
232
232
232
2328
233
233
233
233
233
2333
2335
2338
234
234
234
234
234
234
234
234
2347
2347
235
235
235
235
235
235
235
235
235
2353
2358
236
236
236
236
2364
237
237
237
237
237
237
237
237
237
237
2379
238
238
238
238
238
238
238
239
239
239
239
239
239
239
239
2393
2395
2395
2398
2399
240
240
240
240
240
240
240
240
2402
2403
241
241
241
241
241
241
241
241
241
241
241
241
241
241
2410
2415
2419
242
242
242
242
242
242
242
242
242
242
242
242
2422
2425
2427
2429
243
243
243
243
243
243
243
243
243
243
243
243
2435
2436
2438
244
244
244
244
244
244
244
2443
2447
245
245
245
245
245
245
245
245
245
245
245
245
2454
2457
246
246
246
246
246
246
246
2462
2465
2466
2466
2467
247
247
247
247
247
247
247
247
247
247
247
247
247
247
2472
2474
2477
248
248
248
248
248
248
2482
2487
249
249
249
249
249
249
249
249
249
249
249
249
249
249
2493
2497
250
250
250
250
250
250
250
250
250
250
250
250
250
250
250
251
251
251
251
251
251
251
251
251
251
251
252
252
252
252
252
2520
2523
2524
253
253
253
253
253
253
2531
254
254
254
254
254
254
254
2545
2548
2548
255
255
255
255
255
255
255
255
255
255
255
255
255
255
255
2553
2553
256
256
256
256
256
256
256
256
2569
257
257
257
257
257
257
257
257
257
257
257
257
2573
2573
2573
2579
258
258
258
258
258
258
2580
259
259
259
259
259
2590
2598
2599
260
260
260
260
260
260
260
260
260
260
260
260
260
260
260
260
260
260
260
261
261
261
261
261
261
261
261
261
261
261
261
261
2612
2614
2616
262
262
262
262
262
262
262
262
2622
2629
263
263
263
263
263
263
263
263
2630
2636
2636
2637
2639
264
264
264
264
264
264
264
264
264
264
264
2642
265
265
265
265
265
265
265
265
265
265
2650
2651
266
266
266
2661
2667
267
267
267
267
267
267
267
267
267
267
2672
2676
268
268
268
268
268
268
268
2687
269
269
269
269
269
269
269
2692
2699
270
270
270
270
270
270
270
270
270
2701
2707
271
271
271
271
271
271
271
271
271
271
271
2711
272
272
272
272
272
272
272
272
273
273
273
273
273
273
273
273
273
273
273
273
273
273
273
2739
2739
274
274
274
274
274
274
2748
275
275
275
275
275
275
275
2751
2758
2759
276
276
276
276
276
276
276
276
276
276
276
276
276
276
276
276
276
2761
277
277
277
277
2773
2775
2778
278
278
278
278
278
278
2783
2786
279
279
279
279
279
279
279
279
279
2792
2796
280
280
280
280
280
280
280
280
280
280
280
280
280
2804
281
281
281
281
281
281
281
281
281
281
2813
2813
2815
282
282
282
282
282
282
282
282
282
283
283
283
283
283
283
283
283
283
2832
2835
284
284
284
284
284
284
284
284
284
284
284
284
284
2844
285
285
285
285
2851
2852
286
286
286
286
286
286
286
286
2864
287
287
287
287
287
287
287
287
287
287
2876
2876
2877
2879
288
288
288
288
288
288
288
288
288
2887
2888
289
289
289
290
290
290
290
290
290
290
290
290
290
2905
2908
291
291
291
2912
292
292
292
292
292
292
293
293
293
293
293
293
293
293
293
2935
2938
2939
294
294
294
294
294
294
294
294
2940
2944
2947
2949
295
295
295
295
295
2952
2954
296
296
296
296
296
296
296
297
297
297
297
297
297
297
297
297
2976
2976
2977
2978
298
298
298
298
298
298
298
2983
2984
2987
299
299
299
299
299
299
299
299
2991
2991
2992
300
300
300
3003
301
301
302
302
302
302
302
302
302
302
3021
3028
303
303
303
303
303
303
303
303
3035
3036
3037
304
304
304
304
304
304
304
304
304
304
304
304
304
304
304
304
304
304
304
3043
305
305
305
305
305
305
305
305
305
305
305
305
305
305
305
305
3053
3056
3058
306
306
306
306
306
306
306
306
306
307
307
307
307
307
307
307
307
3072
3074
3079
308
308
308
308
308
308
308
308
3082
309
309
309
309
309
309
309
309
309
309
309
3091
3092
310
310
310
310
310
310
310
3100
3101
3101
311
311
311
311
311
311
312
312
312
312
312
312
3126
313
313
313
313
313
314
314
314
314
314
314
314
314
314
314
314
3144
315
315
315
315
315
315
315
315
316
316
316
316
316
316
316
316
316
316
3161
317
317
317
317
317
317
317
3174
318
318
318
318
318
3182
319
319
319
319
319
319
319
319
319
3191
3193
3195
3197
320
320
321
321
321
321
321
3214
322
322
322
322
322
322
322
322
3223
3226
323
323
323
323
323
323
323
323
323
323
324
324
324
324
324
324
3240
3242
3243
3245
3249
325
325
325
3254
326
326
326
326
326
326
327
327
327
327
327
327
327
327
327
327
327
327
327
327
327
327
3274
328
328
328
328
328
328
328
328
328
3281
3281
329
329
329
329
329
329
329
3295
3296
3298
330
330
330
330
330
330
330
3300
3305
3308
331
331
331
331
3310
3319
332
332
332
332
332
332
3328
333
333
333
333
333
333
333
333
333
333
333
333
333
334
334
334
334
334
334
334
334
3347
3349
335
335
335
335
3351
336
336
336
3364
3367
337
337
337
3375
3376
338
338
338
338
338
338
338
338
339
339
339
339
339
339
339
339
339
339
339
3395
3396
3396
3397
3397
340
340
340
340
3408
341
341
341
341
341
341
3410
3411
342
342
342
3429
343
343
343
343
3437
344
344
344
344
344
3440
3447
345
345
345
345
345
345
3458
346
346
346
346
346
346
346
346
346
346
3464
3468
3469
347
347
347
347
347
347
347
347
347
348
349
349
349
349
349
349
3490
3495
3496
350
350
350
350
350
350
350
350
3504
351
351
351
351
351
351
3512
352
352
352
352
352
352
352
353
353
353
353
353
353
3531
3532
3536
354
354
354
354
354
354
354
354
3544
355
355
355
355
355
355
355
355
356
356
356
356
356
357
357
358
358
358
358
358
358
358
358
3586
3589
359
359
359
3590
360
360
360
360
360
3600
3608
361
361
361
361
361
361
361
362
362
362
362
362
362
3624
3624
3625
363
363
363
3639
364
364
364
364
364
364
364
364
364
364
3648
365
365
365
365
365
365
365
365
3652
366
366
367
367
367
367
3671
3677
368
368
368
368
368
368
368
368
368
3686
369
369
369
369
369
369
3694
370
370
370
370
371
371
371
371
371
371
371
371
371
371
3713
372
372
372
372
372
372
3726
373
373
373
373
373
373
373
373
3730
374
374
374
374
374
3747
375
375
375
375
375
375
375
375
376
376
376
376
376
376
376
376
377
377
3778
378
378
378
3781
3784
3786
379
379
379
379
3799
380
380
380
380
380
381
381
381
381
381
381
381
382
382
382
382
382
382
382
383
383
383
383
383
3831
384
384
384
384
384
384
384
385
385
385
385
385
3859
386
386
386
386
386
386
386
3869
387
387
387
387
387
387
387
387
387
388
388
388
388
3882
3884
3885
389
389
389
390
390
390
3908
391
391
391
392
392
392
392
392
392
392
392
392
393
393
393
393
393
393
393
393
393
393
393
393
393
393
393
393
394
394
394
394
394
394
394
394
394
394
394
394
394
394
394
394
394
394
394
395
395
395
395
395
395
395
395
396
396
396
396
3964
397
397
397
397
397
397
3972
3976
3977
398
398
398
399
399
399
400
400
400
400
4000
401
401
401
401
4018
4019
402
402
402
402
402
403
403
403
403
403
403
403
404
404
404
404
404
404
404
404
4042
405
405
405
405
405
406
406
406
406
4063
4066
407
407
408
408
408
408
4083
409
409
409
409
4095
410
410
410
410
4103
411
411
411
4116
412
412
412
412
412
412
412
412
412
412
413
413
413
413
414
4142
415
415
416
416
416
416
416
416
416
4165
417
417
417
417
417
4175
418
4184
4186
419
4193
420
420
420
420
4204
4213
4219
422
422
422
422
423
423
423
423
4238
424
425
4259
426
426
427
427
4272
428
428
428
428
4283
429
429
429
429
429
4295
430
430
430
430
430
4302
4305
4307
431
431
4313
432
432
432
432
432
432
432
433
433
434
434
434
435
435
435
436
436
436
4361
437
4375
438
438
438
4385
439
439
439
439
439
4397
4398
44
440
440
440
441
441
441
441
441
441
4412
442
442
4427
443
443
443
443
443
444
4445
4445
4446
445
445
445
445
445
446
446
446
446
446
446
446
4466
447
447
447
448
448
448
449
449
449
449
449
449
449
4493
4494
45
450
4505
451
451
451
451
452
452
453
453
454
454
454
454
454
454
454
4543
455
455
456
4561
457
457
457
4575
458
458
4582
459
459
459
459
459
46
46
46
460
460
461
461
461
461
462
462
462
4622
463
463
463
4631
4631
4638
464
464
464
464
464
4640
465
465
465
465
465
465
4658
466
466
467
467
467
467
467
467
4672
4672
468
468
468
469
469
469
47
47
47
470
4706
4708
471
471
471
471
471
471
471
4713
4714
472
472
473
473
473
473
4733
474
474
475
475
475
475
476
477
477
477
477
477
478
478
478
479
479
479
4797
48
480
480
480
480
480
480
480
480
480
481
481
481
482
482
4821
483
483
483
483
483
483
484
484
484
484
484
4849
485
485
485
485
485
485
485
486
486
486
486
486
486
4863
4863
4865
487
487
487
488
488
488
488
4888
489
489
49
49
49
49
49
49
49
491
491
491
492
492
492
492
492
492
493
493
493
494
494
494
494
495
4958
496
496
496
496
496
496
496
496
4967
497
497
497
497
4983
499
499
50
50
50
50
50
50
50
50
500
500
500
500
5000
5004
501
501
501
501
502
502
502
503
5037
504
504
504
504
504
505
505
5051
506
506
5062
507
507
508
508
509
509
509
51
51
51
51
51
51
51
51
51
51
51
51
51
51
51
51
51
51
51
510
510
510
510
510
510
510
5102
5102
5105
511
511
511
5111
512
512
512
512
5129
513
513
513
514
514
515
515
515
515
516
516
516
5168
517
517
517
517
5177
518
518
518
5189
519
519
519
52
52
52
52
52
52
52
52
52
52
52
52
52
52
52
52
52
52
520
520
520
520
521
521
521
521
521
5210
522
5227
523
523
5244
5246
5247
525
525
526
526
526
526
5262
527
527
527
528
528
5287
529
529
529
529
529
5296
53
53
53
53
53
53
53
530
5309
531
5315
532
532
532
532
532
533
533
533
5336
535
535
5359
536
536
536
5366
537
537
537
538
538
538
5389
539
539
539
539
539
539
5393
5395
54
54
540
540
540
540
541
541
541
541
541
541
542
5428
543
5436
544
544
544
545
545
546
546
547
547
5486
549
5491
5495
55
55
55
55
55
55
55
55
55
55
55
55
55
55
550
550
550
550
551
551
551
551
5514
552
552
552
552
553
5534
5542
5542
555
555
555
555
555
556
556
556
5569
557
557
557
557
558
559
5593
56
56
56
56
56
56
560
560
560
5600
5601
5606
561
561
561
561
561
562
562
562
562
562
563
5638
564
565
565
565
5658
566
566
566
567
567
567
567
5671
568
568
569
569
5693
57
57
57
57
57
57
57
57
57
570
571
571
571
571
571
572
572
572
573
5731
574
574
575
575
575
575
576
576
576
576
576
577
577
577
577
578
578
578
579
579
579
58
58
58
58
58
58
58
58
58
58
58
58
580
580
580
5805
581
581
582
582
582
582
583
583
5832
584
584
584
584
585
585
585
5855
586
5860
5861
587
587
587
587
5870
588
588
5881
589
589
589
59
59
59
59
59
59
59
590
590
590
591
591
591
591
591
5917
5918
592
5928
593
593
595
595
595
595
595
5959
596
5963
597
597
5973
598
5987
60
60
60
60
60
60
600
600
600
600
601
601
601
6010
6015
6016
6018
602
602
603
6031
6032
604
604
604
605
605
605
606
606
606
607
607
607
607
6070
608
608
608
608
608
6084
6088
609
609
609
609
609
6096
61
61
61
61
61
61
61
61
61
61
61
61
61
61
61
61
61
610
610
6100
612
612
613
613
613
613
614
614
614
614
615
615
6169
617
617
617
619
619
619
619
62
62
62
62
62
62
62
62
62
62
62
62
62
62
62
62
62
62
62
62
62
62
62
62
62
62
62
62
62
62
62
620
620
620
6209
621
621
621
621
621
621
621
6210
6217
624
625
626
626
627
628
6280
629
629
629
629
6292
63
63
63
63
63
63
63
63
63
63
63
63
63
63
63
63
63
63
63
63
63
63
63
63
63
630
630
6301
631
631
631
631
632
632
6331
634
6349
635
636
637
637
637
637
6372
6376
639
639
639
64
64
64
64
64
64
64
64
64
64
64
64
64
64
64
64
64
64
64
64
64
64
64
64
64
64
64
64
64
64
64
64
64
64
64
64
640
640
641
641
641
641
642
642
643
643
643
644
6446
645
646
646
646
647
647
647
647
647
649
649
6493
65
65
65
65
65
65
65
65
65
65
65
65
65
65
65
65
65
65
65
65
65
650
651
651
652
652
653
653
653
653
654
655
655
656
658
659
6597
66
66
66
66
66
66
66
66
66
66
66
66
66
66
66
660
661
661
662
662
662
663
663
663
664
665
666
6663
667
667
667
668
669
67
67
67
67
67
67
67
67
67
67
67
67
67
67
67
67
67
67
67
67
67
67
67
67
67
67
67
67
67
67
67
67
67
67
67
67
67
67
67
67
67
67
67
67
67
67
67
67
670
670
6709
671
6711
672
672
672
672
673
673
673
6733
6737
6739
674
674
6746
675
676
6762
677
677
678
678
678
678
679
679
68
68
68
68
68
68
68
68
68
68
68
68
68
68
68
68
68
68
68
68
68
68
68
68
680
680
681
681
681
681
681
6811
6826
683
683
683
684
684
6843
685
685
685
685
686
6865
687
688
689
689
689
689
69
69
69
69
69
69
69
69
690
690
691
692
692
693
693
694
694
695
696
696
697
698
698
699
699
70
70
70
70
70
70
70
70
70
70
70
70
70
70
70
70
700
701
7015
702
702
7036
704
705
705
706
706
707
7072
708
708
71
71
71
71
71
71
71
71
71
71
71
71
710
711
711
712
712
7121
7125
713
713
713
713
713
713
714
714
715
715
716
7177
718
718
718
7181
719
719
7193
72
72
72
72
72
72
72
72
72
72
72
72
72
720
720
721
721
721
7216
722
722
722
723
724
724
724
724
724
726
727
727
728
728
73
73
73
73
73
73
73
73
73
73
73
73
73
73
73
73
73
73
73
73
73
73
73
73
73
73
73
73
73
73
73
73
73
73
7305
731
731
731
732
732
7323
734
735
735
735
735
736
7361
7372
738
738
738
738
739
74
74
74
74
74
74
74
74
74
74
74
74
74
74
74
74
74
74
74
74
74
74
74
74
74
74
74
74
74
74
74
74
74
74
74
74
74
74
74
74
74
74
74
74
74
74
74
74
74
74
74
74
74
74
74
74
74
74
74
74
74
74
74
74
74
74
74
74
74
74
74
74
74
74
74
74
74
74
74
740
740
7408
741
742
744
744
744
7448
745
745
746
746
747
747
747
749
75
75
75
75
75
75
75
75
75
75
75
75
75
75
75
75
75
75
75
75
75
75
75
75
75
75
75
75
75
75
75
75
75
75
75
75
75
75
75
75
750
750
751
751
751
751
7521
753
753
753
754
754
754
7546
755
755
755
756
757
757
757
7579
758
758
758
758
759
759
7591
76
76
76
76
76
76
76
76
76
76
76
76
76
76
76
76
76
76
76
76
76
76
760
760
7601
761
761
7613
7617
762
7623
763
763
763
763
763
7631
764
7644
766
766
7675
7678
768
768
769
769
769
77
77
77
77
77
77
77
77
77
77
770
772
772
774
774
774
775
776
776
7764
777
777
777
779
7795
78
78
78
78
78
78
78
78
78
78
7823
7827
783
7838
784
7841
785
7857
786
787
787
787
7871
7885
79
79
79
79
79
79
79
79
79
79
79
79
79
79
79
79
79
79
79
79
79
79
79
79
79
79
79
79
79
79
79
790
791
791
791
7912
792
792
792
794
794
795
795
795
796
796
7964
797
797
798
80
80
80
80
80
80
80
80
80
80
80
80
80
80
80
80
80
80
80
80
80
80
80
80
80
80
80
80
80
80
80
80
80
80
80
800
8000
801
801
801
8025
804
805
805
805
805
806
806
8065
807
807
807
808
808
8082
809
81
81
81
81
81
81
81
81
81
81
81
81
81
81
81
81
81
811
811
811
812
8129
813
8143
815
816
816
817
818
8180
819
819
82
82
82
82
82
82
82
82
82
82
82
82
82
82
82
82
82
82
82
82
82
82
821
821
822
822
822
822
822
8222
823
823
823
825
825
825
825
826
826
826
827
828
828
8281
829
829
83
83
83
83
83
83
83
83
83
83
83
83
83
83
83
83
83
830
830
831
832
832
834
834
834
8353
836
836
836
836
839
839
84
84
84
84
84
84
84
84
84
84
840
840
8404
842
8422
843
843
843
844
844
844
845
845
845
8456
847
848
848
849
849
85
85
85
85
85
85
85
85
85
85
85
85
85
85
85
85
85
85
85
85
85
85
85
85
85
85
85
85
85
85
85
850
851
851
852
852
853
854
8555
856
856
857
8589
859
86
86
86
86
86
86
86
86
86
86
86
86
86
86
86
86
86
86
86
86
86
86
86
86
86
86
86
86
86
86
86
86
86
86
86
86
860
861
863
8639
864
865
8659
8669
867
869
869
87
87
87
87
87
87
87
87
87
87
87
87
87
87
87
87
87
87
87
87
870
871
872
8728
873
873
873
874
874
874
875
8759
876
877
878
878
879
879
88
88
88
88
88
88
88
88
88
88
88
88
88
88
88
88
880
880
880
880
880
880
8800
8803
881
882
882
884
8848
885
885
886
887
887
8873
8878
888
889
889
8891
89
89
89
89
89
89
89
89
89
890
890
891
8918
892
892
8926
893
8930
894
895
8953
8957
896
896
898
898
8987
899
90
90
90
90
90
901
901
902
903
903
903
905
905
9053
906
906
907
908
908
9089
909
909
91
91
91
91
91
91
91
91
910
910
910
911
913
913
914
914
915
915
917
9179
9199
92
92
92
92
92
92
92
92
92
92
92
92
92
92
92
92
92
92
92
92
92
92
92
92
92
92
92
92
92
92
92
92
92
92
92
92
92
92
92
92
92
92
92
92
92
92
92
920
921
922
923
923
924
9253
929
93
93
93
93
93
93
93
93
93
93
93
93
93
93
93
93
93
93
93
93
93
93
93
93
93
93
93
93
93
93
93
93
93
93
93
93
93
93
93
93
93
93
93
93
93
93
93
93
93
93
93
93
93
93
93
93
93
93
93
93
93
93
93
93
93
930
931
933
933
934
935
937
938
939
939
94
94
94
94
94
94
94
94
94
94
94
94
94
94
94
94
94
94
940
941
941
942
943
943
943
944
944
944
944
9446
9477
948
9489
949
95
95
95
95
95
95
95
95
95
95
950
950
952
9533
954
9544
955
956
957
957
959
959
9597
96
96
96
96
960
9604
961
961
961
961
963
9636
964
964
964
966
9664
967
967
967
968
968
968
968
968
9685
969
97
97
97
97
97
97
97
97
970
9702
971
972
9738
974
974
9749
975
975
975
979
98
98
98
98
98
98
98
98
98
98
98
98
98
98
98
98
98
9803
981
982
9832
984
985
985
989
989
99
99
99
99
99
99
99
99
99
99
990
991
993
994
994
994
995
996
9979
998
998
999
